
            route 2
lng lat
74.34861657311502,31.46399057144011
74.35277936151842,31.472189828898024
74.36448367119226,31.48447027594423
74.37213728654025,31.493036031655855
74.37788109685242,31.501195155377875
74.36752006311032,31.501534600870478
74.35880275832832,31.52046043012192
74.35247771862201,31.531955989955932
74.336272830691,31.538415469883255
74.32778317121803,31.54267563086698
74.31486935413815,31.54879305123307
74.3048700788411,31.554068447289367
74.3058274419158,31.57289589722401
74.30641152150646,31.582612876061898
74.25186792397604,31.6925664797247

lat lng
31.46399057144011,74.34861657311502
31.472189828898024,74.35277936151842
31.48447027594423,74.36448367119226
31.493036031655855,74.37213728654025
31.501195155377875,74.37788109685242
31.501534600870478,74.36752006311032
31.52046043012192,74.35880275832832
31.531955989955932,74.35247771862201
31.538415469883255,74.336272830691
31.54267563086698,74.32778317121803
31.54879305123307,74.31486935413815
31.554068447289367,74.3048700788411
31.57289589722401,74.3058274419158
31.582612876061898,74.30641152150646
31.6925664797247,74.25186792397604



74.348864,31.464016
74.352657,31.472275
74.364346,31.484583
74.372245,31.492896
74.378024,31.500842
74.377767,31.501185
74.367492,31.501491
74.358584,31.520349
74.354967,31.523247
74.351351,31.532686
74.336293,31.538453
74.327787,31.542725
74.314819,31.548672
74.304921,31.553490
74.305114,31.554946
74.305815,31.573036
74.306452,31.582608
74.296178,31.607813
74.290140,31.618549
74.274268,31.694380
74.273057,31.700093
74.271249,31.700052
74.270486,31.699219
74.270234,31.698131
74.252013,31.692505